{
 "cells": [
  {
   "cell_type": "code",
   "execution_count": 3,
   "id": "0780d28f",
   "metadata": {},
   "outputs": [],
   "source": [
    "import pandas as pd\n",
    "import seaborn as sns\n",
    "import matplotlib.pyplot as plt"
   ]
  },
  {
   "cell_type": "markdown",
   "id": "143c337d",
   "metadata": {},
   "source": [
    "# Loading dataset"
   ]
  },
  {
   "cell_type": "code",
   "execution_count": 4,
   "id": "4e587e30",
   "metadata": {},
   "outputs": [
    {
     "data": {
      "text/html": [
       "<div>\n",
       "<style scoped>\n",
       "    .dataframe tbody tr th:only-of-type {\n",
       "        vertical-align: middle;\n",
       "    }\n",
       "\n",
       "    .dataframe tbody tr th {\n",
       "        vertical-align: top;\n",
       "    }\n",
       "\n",
       "    .dataframe thead th {\n",
       "        text-align: right;\n",
       "    }\n",
       "</style>\n",
       "<table border=\"1\" class=\"dataframe\">\n",
       "  <thead>\n",
       "    <tr style=\"text-align: right;\">\n",
       "      <th></th>\n",
       "      <th>DEPTH</th>\n",
       "      <th>DT</th>\n",
       "      <th>GR</th>\n",
       "      <th>ILD</th>\n",
       "      <th>NPHI</th>\n",
       "      <th>RHOB</th>\n",
       "    </tr>\n",
       "  </thead>\n",
       "  <tbody>\n",
       "    <tr>\n",
       "      <th>DEPTH</th>\n",
       "      <td>1.000000</td>\n",
       "      <td>-0.642925</td>\n",
       "      <td>-0.675631</td>\n",
       "      <td>-0.201026</td>\n",
       "      <td>-0.664307</td>\n",
       "      <td>0.473768</td>\n",
       "    </tr>\n",
       "    <tr>\n",
       "      <th>DT</th>\n",
       "      <td>-0.642925</td>\n",
       "      <td>1.000000</td>\n",
       "      <td>0.551317</td>\n",
       "      <td>0.233777</td>\n",
       "      <td>0.880365</td>\n",
       "      <td>-0.818386</td>\n",
       "    </tr>\n",
       "    <tr>\n",
       "      <th>GR</th>\n",
       "      <td>-0.675631</td>\n",
       "      <td>0.551317</td>\n",
       "      <td>1.000000</td>\n",
       "      <td>-0.048270</td>\n",
       "      <td>0.595243</td>\n",
       "      <td>-0.337809</td>\n",
       "    </tr>\n",
       "    <tr>\n",
       "      <th>ILD</th>\n",
       "      <td>-0.201026</td>\n",
       "      <td>0.233777</td>\n",
       "      <td>-0.048270</td>\n",
       "      <td>1.000000</td>\n",
       "      <td>0.163226</td>\n",
       "      <td>-0.356789</td>\n",
       "    </tr>\n",
       "    <tr>\n",
       "      <th>NPHI</th>\n",
       "      <td>-0.664307</td>\n",
       "      <td>0.880365</td>\n",
       "      <td>0.595243</td>\n",
       "      <td>0.163226</td>\n",
       "      <td>1.000000</td>\n",
       "      <td>-0.709640</td>\n",
       "    </tr>\n",
       "    <tr>\n",
       "      <th>RHOB</th>\n",
       "      <td>0.473768</td>\n",
       "      <td>-0.818386</td>\n",
       "      <td>-0.337809</td>\n",
       "      <td>-0.356789</td>\n",
       "      <td>-0.709640</td>\n",
       "      <td>1.000000</td>\n",
       "    </tr>\n",
       "  </tbody>\n",
       "</table>\n",
       "</div>"
      ],
      "text/plain": [
       "          DEPTH        DT        GR       ILD      NPHI      RHOB\n",
       "DEPTH  1.000000 -0.642925 -0.675631 -0.201026 -0.664307  0.473768\n",
       "DT    -0.642925  1.000000  0.551317  0.233777  0.880365 -0.818386\n",
       "GR    -0.675631  0.551317  1.000000 -0.048270  0.595243 -0.337809\n",
       "ILD   -0.201026  0.233777 -0.048270  1.000000  0.163226 -0.356789\n",
       "NPHI  -0.664307  0.880365  0.595243  0.163226  1.000000 -0.709640\n",
       "RHOB   0.473768 -0.818386 -0.337809 -0.356789 -0.709640  1.000000"
      ]
     },
     "execution_count": 4,
     "metadata": {},
     "output_type": "execute_result"
    }
   ],
   "source": [
    "campos1 = pd.read_csv('dado_campos1.csv', sep='\\s+')\n",
    "campos1['DEPTH'] = campos1['DEPTH']*0.3048\n",
    "campos1 = campos1[campos1['ILD'] < 500]\n",
    "campos1.corr()"
   ]
  },
  {
   "cell_type": "code",
   "execution_count": 5,
   "id": "ee2332b6",
   "metadata": {},
   "outputs": [
    {
     "data": {
      "text/html": [
       "<div>\n",
       "<style scoped>\n",
       "    .dataframe tbody tr th:only-of-type {\n",
       "        vertical-align: middle;\n",
       "    }\n",
       "\n",
       "    .dataframe tbody tr th {\n",
       "        vertical-align: top;\n",
       "    }\n",
       "\n",
       "    .dataframe thead th {\n",
       "        text-align: right;\n",
       "    }\n",
       "</style>\n",
       "<table border=\"1\" class=\"dataframe\">\n",
       "  <thead>\n",
       "    <tr style=\"text-align: right;\">\n",
       "      <th></th>\n",
       "      <th>DEPTH</th>\n",
       "      <th>DT</th>\n",
       "      <th>GR</th>\n",
       "      <th>ILD</th>\n",
       "      <th>NPHI</th>\n",
       "      <th>RHOB</th>\n",
       "    </tr>\n",
       "  </thead>\n",
       "  <tbody>\n",
       "    <tr>\n",
       "      <th>DEPTH</th>\n",
       "      <td>1.000000</td>\n",
       "      <td>-0.513897</td>\n",
       "      <td>-0.621281</td>\n",
       "      <td>0.068007</td>\n",
       "      <td>-0.491046</td>\n",
       "      <td>0.096560</td>\n",
       "    </tr>\n",
       "    <tr>\n",
       "      <th>DT</th>\n",
       "      <td>-0.513897</td>\n",
       "      <td>1.000000</td>\n",
       "      <td>0.585179</td>\n",
       "      <td>0.194667</td>\n",
       "      <td>0.839329</td>\n",
       "      <td>-0.733678</td>\n",
       "    </tr>\n",
       "    <tr>\n",
       "      <th>GR</th>\n",
       "      <td>-0.621281</td>\n",
       "      <td>0.585179</td>\n",
       "      <td>1.000000</td>\n",
       "      <td>-0.005410</td>\n",
       "      <td>0.577892</td>\n",
       "      <td>-0.279552</td>\n",
       "    </tr>\n",
       "    <tr>\n",
       "      <th>ILD</th>\n",
       "      <td>0.068007</td>\n",
       "      <td>0.194667</td>\n",
       "      <td>-0.005410</td>\n",
       "      <td>1.000000</td>\n",
       "      <td>0.145679</td>\n",
       "      <td>-0.425926</td>\n",
       "    </tr>\n",
       "    <tr>\n",
       "      <th>NPHI</th>\n",
       "      <td>-0.491046</td>\n",
       "      <td>0.839329</td>\n",
       "      <td>0.577892</td>\n",
       "      <td>0.145679</td>\n",
       "      <td>1.000000</td>\n",
       "      <td>-0.681839</td>\n",
       "    </tr>\n",
       "    <tr>\n",
       "      <th>RHOB</th>\n",
       "      <td>0.096560</td>\n",
       "      <td>-0.733678</td>\n",
       "      <td>-0.279552</td>\n",
       "      <td>-0.425926</td>\n",
       "      <td>-0.681839</td>\n",
       "      <td>1.000000</td>\n",
       "    </tr>\n",
       "  </tbody>\n",
       "</table>\n",
       "</div>"
      ],
      "text/plain": [
       "          DEPTH        DT        GR       ILD      NPHI      RHOB\n",
       "DEPTH  1.000000 -0.513897 -0.621281  0.068007 -0.491046  0.096560\n",
       "DT    -0.513897  1.000000  0.585179  0.194667  0.839329 -0.733678\n",
       "GR    -0.621281  0.585179  1.000000 -0.005410  0.577892 -0.279552\n",
       "ILD    0.068007  0.194667 -0.005410  1.000000  0.145679 -0.425926\n",
       "NPHI  -0.491046  0.839329  0.577892  0.145679  1.000000 -0.681839\n",
       "RHOB   0.096560 -0.733678 -0.279552 -0.425926 -0.681839  1.000000"
      ]
     },
     "execution_count": 5,
     "metadata": {},
     "output_type": "execute_result"
    }
   ],
   "source": [
    "campos3 = pd.read_csv('dado_campos3.csv', sep='\\s+')\n",
    "campos3['DEPTH'] = campos3['DEPTH']*0.3048\n",
    "campos3.corr()\n",
    "campos4 = pd.read_csv('dado_campos4.csv', sep='\\s+')\n",
    "campos4['DEPTH'] = campos4['DEPTH']*0.3048\n",
    "campos4.corr()"
   ]
  },
  {
   "cell_type": "code",
   "execution_count": 6,
   "id": "e4b394ca",
   "metadata": {},
   "outputs": [
    {
     "data": {
      "text/html": [
       "<div>\n",
       "<style scoped>\n",
       "    .dataframe tbody tr th:only-of-type {\n",
       "        vertical-align: middle;\n",
       "    }\n",
       "\n",
       "    .dataframe tbody tr th {\n",
       "        vertical-align: top;\n",
       "    }\n",
       "\n",
       "    .dataframe thead th {\n",
       "        text-align: right;\n",
       "    }\n",
       "</style>\n",
       "<table border=\"1\" class=\"dataframe\">\n",
       "  <thead>\n",
       "    <tr style=\"text-align: right;\">\n",
       "      <th></th>\n",
       "      <th>DEPTH</th>\n",
       "      <th>DT</th>\n",
       "      <th>GR</th>\n",
       "      <th>ILD</th>\n",
       "      <th>NPHI</th>\n",
       "      <th>RHOB</th>\n",
       "    </tr>\n",
       "  </thead>\n",
       "  <tbody>\n",
       "    <tr>\n",
       "      <th>DEPTH</th>\n",
       "      <td>1.000000</td>\n",
       "      <td>0.020593</td>\n",
       "      <td>-0.333552</td>\n",
       "      <td>0.151565</td>\n",
       "      <td>0.041074</td>\n",
       "      <td>-0.446854</td>\n",
       "    </tr>\n",
       "    <tr>\n",
       "      <th>DT</th>\n",
       "      <td>0.020593</td>\n",
       "      <td>1.000000</td>\n",
       "      <td>0.161138</td>\n",
       "      <td>0.171431</td>\n",
       "      <td>0.726077</td>\n",
       "      <td>-0.611973</td>\n",
       "    </tr>\n",
       "    <tr>\n",
       "      <th>GR</th>\n",
       "      <td>-0.333552</td>\n",
       "      <td>0.161138</td>\n",
       "      <td>1.000000</td>\n",
       "      <td>-0.114148</td>\n",
       "      <td>0.235644</td>\n",
       "      <td>0.130098</td>\n",
       "    </tr>\n",
       "    <tr>\n",
       "      <th>ILD</th>\n",
       "      <td>0.151565</td>\n",
       "      <td>0.171431</td>\n",
       "      <td>-0.114148</td>\n",
       "      <td>1.000000</td>\n",
       "      <td>0.124088</td>\n",
       "      <td>-0.427317</td>\n",
       "    </tr>\n",
       "    <tr>\n",
       "      <th>NPHI</th>\n",
       "      <td>0.041074</td>\n",
       "      <td>0.726077</td>\n",
       "      <td>0.235644</td>\n",
       "      <td>0.124088</td>\n",
       "      <td>1.000000</td>\n",
       "      <td>-0.538466</td>\n",
       "    </tr>\n",
       "    <tr>\n",
       "      <th>RHOB</th>\n",
       "      <td>-0.446854</td>\n",
       "      <td>-0.611973</td>\n",
       "      <td>0.130098</td>\n",
       "      <td>-0.427317</td>\n",
       "      <td>-0.538466</td>\n",
       "      <td>1.000000</td>\n",
       "    </tr>\n",
       "  </tbody>\n",
       "</table>\n",
       "</div>"
      ],
      "text/plain": [
       "          DEPTH        DT        GR       ILD      NPHI      RHOB\n",
       "DEPTH  1.000000  0.020593 -0.333552  0.151565  0.041074 -0.446854\n",
       "DT     0.020593  1.000000  0.161138  0.171431  0.726077 -0.611973\n",
       "GR    -0.333552  0.161138  1.000000 -0.114148  0.235644  0.130098\n",
       "ILD    0.151565  0.171431 -0.114148  1.000000  0.124088 -0.427317\n",
       "NPHI   0.041074  0.726077  0.235644  0.124088  1.000000 -0.538466\n",
       "RHOB  -0.446854 -0.611973  0.130098 -0.427317 -0.538466  1.000000"
      ]
     },
     "execution_count": 6,
     "metadata": {},
     "output_type": "execute_result"
    }
   ],
   "source": []
  },
  {
   "cell_type": "code",
   "execution_count": 131,
   "id": "b855dd48",
   "metadata": {},
   "outputs": [
    {
     "data": {
      "text/html": [
       "<div>\n",
       "<style scoped>\n",
       "    .dataframe tbody tr th:only-of-type {\n",
       "        vertical-align: middle;\n",
       "    }\n",
       "\n",
       "    .dataframe tbody tr th {\n",
       "        vertical-align: top;\n",
       "    }\n",
       "\n",
       "    .dataframe thead th {\n",
       "        text-align: right;\n",
       "    }\n",
       "</style>\n",
       "<table border=\"1\" class=\"dataframe\">\n",
       "  <thead>\n",
       "    <tr style=\"text-align: right;\">\n",
       "      <th></th>\n",
       "      <th>DEPTH</th>\n",
       "      <th>DT</th>\n",
       "      <th>GR</th>\n",
       "      <th>ILD</th>\n",
       "      <th>NPHI</th>\n",
       "      <th>RHOB</th>\n",
       "    </tr>\n",
       "  </thead>\n",
       "  <tbody>\n",
       "    <tr>\n",
       "      <th>DEPTH</th>\n",
       "      <td>1.000000</td>\n",
       "      <td>-0.591460</td>\n",
       "      <td>-0.637035</td>\n",
       "      <td>-0.085921</td>\n",
       "      <td>-0.626992</td>\n",
       "      <td>0.314694</td>\n",
       "    </tr>\n",
       "    <tr>\n",
       "      <th>DT</th>\n",
       "      <td>-0.591460</td>\n",
       "      <td>1.000000</td>\n",
       "      <td>0.561671</td>\n",
       "      <td>0.214250</td>\n",
       "      <td>0.833079</td>\n",
       "      <td>-0.782440</td>\n",
       "    </tr>\n",
       "    <tr>\n",
       "      <th>GR</th>\n",
       "      <td>-0.637035</td>\n",
       "      <td>0.561671</td>\n",
       "      <td>1.000000</td>\n",
       "      <td>-0.026405</td>\n",
       "      <td>0.557243</td>\n",
       "      <td>-0.310378</td>\n",
       "    </tr>\n",
       "    <tr>\n",
       "      <th>ILD</th>\n",
       "      <td>-0.085921</td>\n",
       "      <td>0.214250</td>\n",
       "      <td>-0.026405</td>\n",
       "      <td>1.000000</td>\n",
       "      <td>0.153152</td>\n",
       "      <td>-0.383611</td>\n",
       "    </tr>\n",
       "    <tr>\n",
       "      <th>NPHI</th>\n",
       "      <td>-0.626992</td>\n",
       "      <td>0.833079</td>\n",
       "      <td>0.557243</td>\n",
       "      <td>0.153152</td>\n",
       "      <td>1.000000</td>\n",
       "      <td>-0.646524</td>\n",
       "    </tr>\n",
       "    <tr>\n",
       "      <th>RHOB</th>\n",
       "      <td>0.314694</td>\n",
       "      <td>-0.782440</td>\n",
       "      <td>-0.310378</td>\n",
       "      <td>-0.383611</td>\n",
       "      <td>-0.646524</td>\n",
       "      <td>1.000000</td>\n",
       "    </tr>\n",
       "  </tbody>\n",
       "</table>\n",
       "</div>"
      ],
      "text/plain": [
       "          DEPTH        DT        GR       ILD      NPHI      RHOB\n",
       "DEPTH  1.000000 -0.591460 -0.637035 -0.085921 -0.626992  0.314694\n",
       "DT    -0.591460  1.000000  0.561671  0.214250  0.833079 -0.782440\n",
       "GR    -0.637035  0.561671  1.000000 -0.026405  0.557243 -0.310378\n",
       "ILD   -0.085921  0.214250 -0.026405  1.000000  0.153152 -0.383611\n",
       "NPHI  -0.626992  0.833079  0.557243  0.153152  1.000000 -0.646524\n",
       "RHOB   0.314694 -0.782440 -0.310378 -0.383611 -0.646524  1.000000"
      ]
     },
     "execution_count": 131,
     "metadata": {},
     "output_type": "execute_result"
    }
   ],
   "source": [
    "campos_concat = pd.concat([campos1, campos3], axis=0)\n",
    "campos_concat.corr()"
   ]
  },
  {
   "cell_type": "code",
   "execution_count": 121,
   "id": "6839e877",
   "metadata": {},
   "outputs": [],
   "source": [
    "X_campos_ref = campos_concat.iloc[:,[0,1,3,4]]\n",
    "y_campos_ref = campos_concat.iloc[:,5]"
   ]
  },
  {
   "cell_type": "code",
   "execution_count": 122,
   "id": "49a23488",
   "metadata": {},
   "outputs": [],
   "source": [
    "from sklearn.svm import SVR\n",
    "from sklearn.preprocessing import StandardScaler"
   ]
  },
  {
   "cell_type": "code",
   "execution_count": 123,
   "id": "fcda9963",
   "metadata": {},
   "outputs": [],
   "source": [
    "scaler = StandardScaler()\n",
    "X_campos_ref_sclnd = scaler.fit_transform(X_campos_ref)"
   ]
  },
  {
   "cell_type": "code",
   "execution_count": 124,
   "id": "db78a668",
   "metadata": {},
   "outputs": [
    {
     "data": {
      "text/html": [
       "<div>\n",
       "<style scoped>\n",
       "    .dataframe tbody tr th:only-of-type {\n",
       "        vertical-align: middle;\n",
       "    }\n",
       "\n",
       "    .dataframe tbody tr th {\n",
       "        vertical-align: top;\n",
       "    }\n",
       "\n",
       "    .dataframe thead th {\n",
       "        text-align: right;\n",
       "    }\n",
       "</style>\n",
       "<table border=\"1\" class=\"dataframe\">\n",
       "  <thead>\n",
       "    <tr style=\"text-align: right;\">\n",
       "      <th></th>\n",
       "      <th>DEPTH</th>\n",
       "      <th>DT</th>\n",
       "      <th>ILD</th>\n",
       "      <th>NPHI</th>\n",
       "    </tr>\n",
       "  </thead>\n",
       "  <tbody>\n",
       "    <tr>\n",
       "      <th>0</th>\n",
       "      <td>899.89152</td>\n",
       "      <td>95.4766</td>\n",
       "      <td>1.1445</td>\n",
       "      <td>25.7249</td>\n",
       "    </tr>\n",
       "    <tr>\n",
       "      <th>1</th>\n",
       "      <td>899.95248</td>\n",
       "      <td>94.8945</td>\n",
       "      <td>1.1443</td>\n",
       "      <td>25.7249</td>\n",
       "    </tr>\n",
       "    <tr>\n",
       "      <th>2</th>\n",
       "      <td>900.01344</td>\n",
       "      <td>92.9727</td>\n",
       "      <td>1.1831</td>\n",
       "      <td>25.7617</td>\n",
       "    </tr>\n",
       "    <tr>\n",
       "      <th>3</th>\n",
       "      <td>900.07440</td>\n",
       "      <td>91.8281</td>\n",
       "      <td>1.2468</td>\n",
       "      <td>26.0015</td>\n",
       "    </tr>\n",
       "    <tr>\n",
       "      <th>4</th>\n",
       "      <td>900.13536</td>\n",
       "      <td>91.0703</td>\n",
       "      <td>1.3105</td>\n",
       "      <td>25.3672</td>\n",
       "    </tr>\n",
       "    <tr>\n",
       "      <th>...</th>\n",
       "      <td>...</td>\n",
       "      <td>...</td>\n",
       "      <td>...</td>\n",
       "      <td>...</td>\n",
       "    </tr>\n",
       "    <tr>\n",
       "      <th>994</th>\n",
       "      <td>959.81520</td>\n",
       "      <td>71.1250</td>\n",
       "      <td>3.6929</td>\n",
       "      <td>16.8438</td>\n",
       "    </tr>\n",
       "    <tr>\n",
       "      <th>995</th>\n",
       "      <td>959.87616</td>\n",
       "      <td>71.9922</td>\n",
       "      <td>3.8477</td>\n",
       "      <td>16.0547</td>\n",
       "    </tr>\n",
       "    <tr>\n",
       "      <th>996</th>\n",
       "      <td>959.93712</td>\n",
       "      <td>69.9453</td>\n",
       "      <td>4.5898</td>\n",
       "      <td>14.2500</td>\n",
       "    </tr>\n",
       "    <tr>\n",
       "      <th>997</th>\n",
       "      <td>959.99808</td>\n",
       "      <td>66.5195</td>\n",
       "      <td>6.0664</td>\n",
       "      <td>11.6016</td>\n",
       "    </tr>\n",
       "    <tr>\n",
       "      <th>998</th>\n",
       "      <td>960.05904</td>\n",
       "      <td>63.1445</td>\n",
       "      <td>7.5352</td>\n",
       "      <td>8.5781</td>\n",
       "    </tr>\n",
       "  </tbody>\n",
       "</table>\n",
       "<p>2209 rows × 4 columns</p>\n",
       "</div>"
      ],
      "text/plain": [
       "         DEPTH       DT     ILD     NPHI\n",
       "0    899.89152  95.4766  1.1445  25.7249\n",
       "1    899.95248  94.8945  1.1443  25.7249\n",
       "2    900.01344  92.9727  1.1831  25.7617\n",
       "3    900.07440  91.8281  1.2468  26.0015\n",
       "4    900.13536  91.0703  1.3105  25.3672\n",
       "..         ...      ...     ...      ...\n",
       "994  959.81520  71.1250  3.6929  16.8438\n",
       "995  959.87616  71.9922  3.8477  16.0547\n",
       "996  959.93712  69.9453  4.5898  14.2500\n",
       "997  959.99808  66.5195  6.0664  11.6016\n",
       "998  960.05904  63.1445  7.5352   8.5781\n",
       "\n",
       "[2209 rows x 4 columns]"
      ]
     },
     "execution_count": 124,
     "metadata": {},
     "output_type": "execute_result"
    }
   ],
   "source": [
    "X_campos_ref"
   ]
  },
  {
   "cell_type": "code",
   "execution_count": 125,
   "id": "5799431d",
   "metadata": {},
   "outputs": [],
   "source": [
    "svr = SVR().fit(X_campos_ref_sclnd, y_campos_ref)"
   ]
  },
  {
   "cell_type": "code",
   "execution_count": 126,
   "id": "38352c7d",
   "metadata": {},
   "outputs": [],
   "source": [
    "X_campos4 = campos4.iloc[:,[0,1,3,4]]\n",
    "X_campos4_sclnd = scaler.transform(X_campos4)\n",
    "y_campos4 = campos4.iloc[:,5]"
   ]
  },
  {
   "cell_type": "code",
   "execution_count": 127,
   "id": "0438d0b0",
   "metadata": {},
   "outputs": [
    {
     "data": {
      "text/html": [
       "<div>\n",
       "<style scoped>\n",
       "    .dataframe tbody tr th:only-of-type {\n",
       "        vertical-align: middle;\n",
       "    }\n",
       "\n",
       "    .dataframe tbody tr th {\n",
       "        vertical-align: top;\n",
       "    }\n",
       "\n",
       "    .dataframe thead th {\n",
       "        text-align: right;\n",
       "    }\n",
       "</style>\n",
       "<table border=\"1\" class=\"dataframe\">\n",
       "  <thead>\n",
       "    <tr style=\"text-align: right;\">\n",
       "      <th></th>\n",
       "      <th>DEPTH</th>\n",
       "      <th>DT</th>\n",
       "      <th>ILD</th>\n",
       "      <th>NPHI</th>\n",
       "    </tr>\n",
       "  </thead>\n",
       "  <tbody>\n",
       "    <tr>\n",
       "      <th>0</th>\n",
       "      <td>899.22096</td>\n",
       "      <td>89.1641</td>\n",
       "      <td>1.7232</td>\n",
       "      <td>24.7969</td>\n",
       "    </tr>\n",
       "    <tr>\n",
       "      <th>1</th>\n",
       "      <td>899.28192</td>\n",
       "      <td>90.4185</td>\n",
       "      <td>1.7415</td>\n",
       "      <td>25.8906</td>\n",
       "    </tr>\n",
       "    <tr>\n",
       "      <th>2</th>\n",
       "      <td>899.34288</td>\n",
       "      <td>89.5469</td>\n",
       "      <td>1.8008</td>\n",
       "      <td>26.2795</td>\n",
       "    </tr>\n",
       "    <tr>\n",
       "      <th>3</th>\n",
       "      <td>899.40384</td>\n",
       "      <td>88.5078</td>\n",
       "      <td>1.8838</td>\n",
       "      <td>25.8828</td>\n",
       "    </tr>\n",
       "    <tr>\n",
       "      <th>4</th>\n",
       "      <td>899.46480</td>\n",
       "      <td>88.7383</td>\n",
       "      <td>1.9624</td>\n",
       "      <td>25.5601</td>\n",
       "    </tr>\n",
       "    <tr>\n",
       "      <th>...</th>\n",
       "      <td>...</td>\n",
       "      <td>...</td>\n",
       "      <td>...</td>\n",
       "      <td>...</td>\n",
       "    </tr>\n",
       "    <tr>\n",
       "      <th>744</th>\n",
       "      <td>944.57520</td>\n",
       "      <td>90.1016</td>\n",
       "      <td>19.5625</td>\n",
       "      <td>23.0437</td>\n",
       "    </tr>\n",
       "    <tr>\n",
       "      <th>745</th>\n",
       "      <td>944.63616</td>\n",
       "      <td>90.2070</td>\n",
       "      <td>17.1211</td>\n",
       "      <td>22.9800</td>\n",
       "    </tr>\n",
       "    <tr>\n",
       "      <th>746</th>\n",
       "      <td>944.69712</td>\n",
       "      <td>89.0664</td>\n",
       "      <td>16.9883</td>\n",
       "      <td>22.4531</td>\n",
       "    </tr>\n",
       "    <tr>\n",
       "      <th>747</th>\n",
       "      <td>944.75808</td>\n",
       "      <td>88.2578</td>\n",
       "      <td>16.8711</td>\n",
       "      <td>22.0312</td>\n",
       "    </tr>\n",
       "    <tr>\n",
       "      <th>748</th>\n",
       "      <td>944.81904</td>\n",
       "      <td>88.4883</td>\n",
       "      <td>15.3398</td>\n",
       "      <td>21.8857</td>\n",
       "    </tr>\n",
       "  </tbody>\n",
       "</table>\n",
       "<p>749 rows × 4 columns</p>\n",
       "</div>"
      ],
      "text/plain": [
       "         DEPTH       DT      ILD     NPHI\n",
       "0    899.22096  89.1641   1.7232  24.7969\n",
       "1    899.28192  90.4185   1.7415  25.8906\n",
       "2    899.34288  89.5469   1.8008  26.2795\n",
       "3    899.40384  88.5078   1.8838  25.8828\n",
       "4    899.46480  88.7383   1.9624  25.5601\n",
       "..         ...      ...      ...      ...\n",
       "744  944.57520  90.1016  19.5625  23.0437\n",
       "745  944.63616  90.2070  17.1211  22.9800\n",
       "746  944.69712  89.0664  16.9883  22.4531\n",
       "747  944.75808  88.2578  16.8711  22.0312\n",
       "748  944.81904  88.4883  15.3398  21.8857\n",
       "\n",
       "[749 rows x 4 columns]"
      ]
     },
     "execution_count": 127,
     "metadata": {},
     "output_type": "execute_result"
    }
   ],
   "source": [
    "X_campos4"
   ]
  },
  {
   "cell_type": "code",
   "execution_count": 128,
   "id": "63933f18",
   "metadata": {},
   "outputs": [],
   "source": [
    "y_campos4_pred = svr.predict(X_campos4_sclnd)"
   ]
  },
  {
   "cell_type": "code",
   "execution_count": 129,
   "id": "4225e2eb",
   "metadata": {},
   "outputs": [],
   "source": [
    "from sklearn.metrics import r2_score as r2"
   ]
  },
  {
   "cell_type": "code",
   "execution_count": 130,
   "id": "5f25797a",
   "metadata": {},
   "outputs": [
    {
     "data": {
      "text/plain": [
       "0.7700966458166684"
      ]
     },
     "execution_count": 130,
     "metadata": {},
     "output_type": "execute_result"
    }
   ],
   "source": [
    "r2(y_campos4,y_campos4_pred)"
   ]
  }
 ],
 "metadata": {
  "kernelspec": {
   "display_name": "Python 3 (ipykernel)",
   "language": "python",
   "name": "python3"
  },
  "language_info": {
   "codemirror_mode": {
    "name": "ipython",
    "version": 3
   },
   "file_extension": ".py",
   "mimetype": "text/x-python",
   "name": "python",
   "nbconvert_exporter": "python",
   "pygments_lexer": "ipython3",
   "version": "3.10.9"
  }
 },
 "nbformat": 4,
 "nbformat_minor": 5
}
